url,reader_question,action,skill,method_sources,distinct_from_existing
/oh-story/keep-multiple-ai-novels-separate,AI同时写多本小说怎么防串设定：先分书，再定本次任务,new,story-long-write,https://github.com/zenstory-ai/oh-story-claudecode/blob/4a50d5583590eb7f207037e35136c1168bc02201/skills/story-long-write/references/project-files.md | https://github.com/zenstory-ai/oh-story-claudecode/blob/4a50d5583590eb7f207037e35136c1168bc02201/skills/story-setup/references/templates/hooks/lib/common.sh | https://github.com/zenstory-ai/oh-story-claudecode/blob/4a50d5583590eb7f207037e35136c1168bc02201/skills/story-setup/references/codex/hooks/story_codex_hook.py | https://github.com/zenstory-ai/oh-story-claudecode/blob/4a50d5583590eb7f207037e35136c1168bc02201/skills/story-long-write/references/style-resolution.md,新增常见AI多书串设定问题，区别单书忘设定和单书多章批写。真实每书目录/正文范围/活跃选择首行与fallback shell及Codex函数/书本地文风，不虚构active-book会话绑定。原创两已有书8章许可未交货与3章钥匙未修，切书只补第四章细纲不写正文或改他书，计划非已发生追踪；并行共默认可能互相影响须显式对象或独立workspace；不复制他书权威追踪，不替换名字冒充修复全部。 区分shell可能返回不存在声明与Codex需目录存在，未宣称各宿主坏路径统一fallback。
/novel-to-game/fix-small-text-in-a-mobile-game,手机游戏文字太小怎么办：字号、换行与当前选择一起查,new,game-art-direction,https://github.com/zenstory-ai/novel-to-game/blob/ca29145983acead0fc4f7751b80ebc34c68a1200/skills/game-art-direction/references/art-direction-method.md | https://github.com/zenstory-ai/novel-to-game/blob/ca29145983acead0fc4f7751b80ebc34c68a1200/skills/game-build/SKILL.md | https://github.com/zenstory-ai/novel-to-game/blob/ca29145983acead0fc4f7751b80ebc34c68a1200/skills/game-qa/references/test-design-method.md,新增常见手机游戏文字太小任务，区别点按区域与信息过载。真实art字体覆盖行宽阅读边界、build表现不独自结算状态、QA目标视口实际阅读与溢出。原创14:00借书说明、放大设置/查记录/返回路径保蓝册未还未自动等待；390×844/18px/1.6作者候选非默认或实测。调整正文选项反馈全部阅读而非海报字号，完整条件不删、权限与时间不变，纸面不当运行证明。 不推广设置暂停到所有游戏，实时计时依原规则；纸面例才明确不推进。
/drama-skills/add-sound-effects-to-video,视频音效怎么加：把声音放到真正发生的那一刻,new,short-drama-edit,https://github.com/zenstory-ai/drama-skills/blob/0afa4ea253cf4d1aa2d134863b15a592547cfb54/skills/short-drama-edit/references/sound-and-subtitles.md | https://github.com/zenstory-ai/drama-skills/blob/0afa4ea253cf4d1aa2d134863b15a592547cfb54/skills/short-drama-edit/scripts/edit_tool.py | https://github.com/zenstory-ai/drama-skills/blob/0afa4ea253cf4d1aa2d134863b15a592547cfb54/skills/short-drama-edit/assets/剪辑单.md,新增常见加视频音效具体制作任务，区别场景声音设计/配乐底声跨镜接续。真实edit音效field parser局部起止/可选增益，placement实际spans，文件atrim从0起+短fade+gain+delay/amix normalize=0、原声不主动duck、先混再响度。原创9秒来客敲门CUT源2-8/敲3.20/局部1.20/前段实际3=>成片4.20/声尾.60对白2.00；剪入点变2.40局部.80重算。格式字段中文parser不翻译，路径音效与-8增益假设非实产，不写native源码入点字段或给目标当实测，不叠已有原声敲门。 片段首行为真实## CUT二级标题，-字段保来源/入出/时长/取舍/声音/音效/字幕，inline code呈现原生可复制语法。
/oh-story/workplace-romance-novel,职场婚恋小说怎么写：让事业与感情互相改变选择,revise,story-long-write,https://github.com/zenstory-ai/oh-story-claudecode/blob/4a50d5583590eb7f207037e35136c1168bc02201/skills/story-long-write/references/genre-prose-cards/职场婚恋.md | https://github.com/zenstory-ai/oh-story-claudecode/blob/4a50d5583590eb7f207037e35136c1168bc02201/skills/story-long-write/references/emotional-methods.md | https://github.com/zenstory-ai/oh-story-claudecode/blob/4a50d5583590eb7f207037e35136c1168bc02201/skills/story-long-write/references/style-resolution.md | https://github.com/zenstory-ai/oh-story-claudecode/blob/4a50d5583590eb7f207037e35136c1168bc02201/skills/story-long-write/references/writing-craft.md,保职场婚恋原项目经理叶知灯光师周昱、客户原删测试/坚持测试主管接管排期损权、公开范围/内部接受非客户接受/实际交接测试独立验收/损失后陪伴；例子概述改完整会议申请主管实际接受免提客户同意有限知情、发排期交接收据、周昱履职独立核验、下班遗憾与回应连续正文。所有结果与权限不变、不以公开关系免责，无现实安全或职场政策断言。新增真实场景craft来源，原SEO/H1/publish/其他section FAQ保留。
/oh-story/urban-premise-novel,都市脑洞文怎么写：让一个新规则撑起整本书,revise,story-long-write,https://github.com/zenstory-ai/oh-story-claudecode/blob/4a50d5583590eb7f207037e35136c1168bc02201/skills/story-long-write/references/genre-prose-cards/都市脑洞.md | https://github.com/zenstory-ai/oh-story-claudecode/blob/4a50d5583590eb7f207037e35136c1168bc02201/skills/story-long-write/references/style-resolution.md | https://github.com/zenstory-ai/oh-story-claudecode/blob/4a50d5583590eb7f207037e35136c1168bc02201/skills/story-long-write/references/writing-craft.md,保都市脑洞顾南建议次日仅其可听/愿承担部分/不能录给他人不证客观真规则，以及朋友介绍不接无界试做、客户供文件仍需核、对手识其核承诺习惯新条件压力。概要展开朋友实际介绍/顾南实际发拒信、客户2文件到达但1段仍缺所需材料未接单、对手施截止新压力仍未知条件；线索不代判断、非授权法律教学或真实材料鉴定。真实craft场景支撑，原SEO/H1/publish其余保留。
/oh-story/ceo-romance,霸总文怎么写不油腻：把照料和控制分开,revise,story-long-write,https://github.com/zenstory-ai/oh-story-claudecode/blob/4a50d5583590eb7f207037e35136c1168bc02201/skills/story-long-write/references/genre-prose-cards/豪门总裁.md | https://github.com/zenstory-ai/oh-story-claudecode/blob/4a50d5583590eb7f207037e35136c1168bc02201/skills/story-long-write/references/character-relations.md | https://github.com/zenstory-ai/oh-story-claudecode/blob/4a50d5583590eb7f207037e35136c1168bc02201/skills/story-long-write/references/style-resolution.md | https://github.com/zenstory-ai/oh-story-claudecode/blob/4a50d5583590eb7f207037e35136c1168bc02201/skills/story-long-write/references/writing-craft.md,保霸总梁乔建筑顾问母亲旧戏院/程屿仅投资资金权/1年有限公开活动职业独立、越界退客户订单失去/账目接管母亲拒绝/程实际接受边界撤指令纠正/修缮延期团队成本执行排期公告/她主动邀请他接受。概要展开完整对话与确认动作，更正未自动返订单、不转经营权、不补偿即原谅、母亲团队客户实际各自行权；非现实联姻法律模板。新增真实场景craft，原SEO/H1/publish及其他section FAQ保留。
/oh-story/fix-inconsistent-ai-novel-prose-style,AI写小说文风不一致怎么办：按本书要求逐项调整,new,story-long-write,https://github.com/zenstory-ai/oh-story-claudecode/blob/4a50d5583590eb7f207037e35136c1168bc02201/skills/story-long-write/references/style-resolution.md | https://github.com/zenstory-ai/oh-story-claudecode/blob/4a50d5583590eb7f207037e35136c1168bc02201/skills/story-long-write/references/project-files.md,独立问题是连续章节表达漂移与跨润色环节的文风优先级，不重复去AI味词表或事实串书；借伞例区分临时要求/本书偏好/事实知情及获准的新对白。
/novel-to-game/design-mute-and-volume-settings-in-a-story-game,游戏静音和音量设置怎么做：声音关了，关键信息仍要看得见,new,game-build,https://github.com/zenstory-ai/novel-to-game/blob/ca29145983acead0fc4f7751b80ebc34c68a1200/skills/game-art-direction/references/art-direction-method.md | https://github.com/zenstory-ai/novel-to-game/blob/ca29145983acead0fc4f7751b80ebc34c68a1200/skills/game-build/references/tts-production-contract.md | https://github.com/zenstory-ai/novel-to-game/blob/ca29145983acead0fc4f7751b80ebc34c68a1200/skills/game-qa/references/test-design-method.md,独立问题是声音偏好及静音fallback的可玩路线，不重复配音生产或手机字体；闭馆例检查设置不提交故事、静音提醒仍可读及偏好/剧情分别重开。
/drama-skills/fix-cropped-characters-in-ai-video,AI视频人物被裁切怎么办：先查原图、动作范围和画幅,new,short-drama-video-prompts,https://github.com/zenstory-ai/drama-skills/blob/0afa4ea253cf4d1aa2d134863b15a592547cfb54/skills/short-drama-video-prompts/references/camera-audio-continuity.md | https://github.com/zenstory-ai/drama-skills/blob/0afa4ea253cf4d1aa2d134863b15a592547cfb54/skills/short-drama-video-prompts/references/motion-recipe.md,独立问题是输入/动作/后期造成必要主体裁切，不重复摄影机漂移或额外人物；取票候选保原持物与终点，分镜改景别获准且文生/真实图生材料分开。
/oh-story/stop-ai-fiction-from-adding-unwanted-characters,AI写小说乱加人物怎么办：分清现场细节与改变剧情的新角色,new,story-long-write,https://github.com/zenstory-ai/oh-story-claudecode/blob/4a50d5583590eb7f207037e35136c1168bc02201/skills/story-long-write/references/workflow-chapter.md | https://github.com/zenstory-ai/oh-story-claudecode/blob/4a50d5583590eb7f207037e35136c1168bc02201/skills/story-long-write/references/writer-prompt-fallback.md,独立问题为未经授权新增人物及其带来的权限/答案，不重复通用提示词或串书。依据原生新增物三级，允许路人/已批准配角，修理间示例清掉虚构钥匙、许可和换件结果。
/drama-skills/fix-repeated-actions-in-ai-video,AI视频动作反复重来怎么办：写清完成状态，再查可用片段,new,short-drama-video-prompts,https://github.com/zenstory-ai/drama-skills/blob/0afa4ea253cf4d1aa2d134863b15a592547cfb54/skills/short-drama-video-prompts/references/motion-recipe.md | https://github.com/zenstory-ai/drama-skills/blob/0afa4ea253cf4d1aa2d134863b15a592547cfb54/skills/short-drama-video-prompts/references/performance-action-timing.md | https://github.com/zenstory-ai/drama-skills/blob/0afa4ea253cf4d1aa2d134863b15a592547cfb54/skills/short-drama-edit/references/generated-footage.md,独立问题为动作完成后又重来，分开原片回弹/时间线重复/剧本有意反复；杯子例说明接触松手及支撑终点，教学区间允许完整信息剪短而不丢必需内容。
/oh-story/write-a-fanfiction-opening,同人小说开头怎么写：熟悉的人物遇到新问题,substantial_revision,story-long-write,https://github.com/zenstory-ai/oh-story-claudecode/blob/4a50d5583590eb7f207037e35136c1168bc02201/skills/story-long-write/references/plot-special-topics.md,修正港口已经封闭却要封港前送达的时间矛盾，展开连续原创建场；已退/未退两信分开，新配角为明示的原创方案，保护封口与角色习惯，开篇停在查路而非已送达。其他段与元数据保留。 原英文三列表超宽改两列，原信息、开场需要与投放方法全部保留，中文表与其他字段保持。
/novel-to-game/playtest-a-novel-game-adaptation,如何测试小说改编游戏,substantial_revision,game-qa,https://github.com/zenstory-ai/novel-to-game/blob/ca29145983acead0fc4f7751b80ebc34c68a1200/skills/game-qa/references/test-design-method.md | https://github.com/zenstory-ai/novel-to-game/blob/ca29145983acead0fc4f7751b80ebc34c68a1200/skills/game-qa/SKILL.md,保留温室画面重开但钥匙/调查没重开的原故障，补明确教学初态与失败→重开→无前置拒绝→成功且不出示记录路线。数值是原创纸面规则，状态/画面不互证，其他段与元数据保留。
/oh-story/stop-ai-continuation-from-repeating-the-previous-chapter,AI续写总重复上一章怎么办：从已发生的结果接着写,new,story-long-write,https://github.com/zenstory-ai/oh-story-claudecode/blob/4a50d5583590eb7f207037e35136c1168bc02201/skills/story-long-write/references/workflow-daily.md | https://github.com/zenstory-ai/oh-story-claudecode/blob/4a50d5583590eb7f207037e35136c1168bc02201/skills/story-long-write/references/workflow-chapter.md,独立问题为下一章把已完成事件重新写成首次发生，不重复单句动作或批写组织；修钟例承接已借钥匙/九点约定，仅新增获准观察，未拆件与未询问保持。
/video-recap/fix-subtitles-that-do-not-match-the-voiceover,字幕和旁白内容不一样怎么办：先核实际声音，再修文字,new,video-assemble,https://github.com/zenstory-ai/video-recap-skills/blob/e7eb0a82f13aab930f64a669e91ece78b82f65f5/skills/video-voiceover/SKILL.md | https://github.com/zenstory-ai/video-recap-skills/blob/e7eb0a82f13aab930f64a669e91ece78b82f65f5/skills/video-voiceover/scripts/voiceover.py | https://github.com/zenstory-ai/video-recap-skills/blob/e7eb0a82f13aab930f64a669e91ece78b82f65f5/skills/video-assemble/references/subtitle-track.md,独立问题为当前字幕字词与实际采用旁白不同，不重复时间偏移或TTS漏读。原生实读/批准保护与完整独立字幕轨边界明确；保留删除例定位旧文字，支持模式之外不假定可用。
/novel-to-game/write-a-visual-novel-script,视觉小说脚本怎么写：让角色路线各有目标和变化,substantial_revision,game-world-design,https://github.com/zenstory-ai/novel-to-game/blob/ca29145983acead0fc4f7751b80ebc34c68a1200/skills/game-world-design/references/narrative-design-method.md | https://github.com/zenstory-ai/novel-to-game/blob/ca29145983acead0fc4f7751b80ebc34c68a1200/skills/game-world-design/references/dialogue-design-method.md | https://github.com/zenstory-ai/novel-to-game/blob/ca29145983acead0fc4f7751b80ebc34c68a1200/skills/game-world-design/references/world-design-method.md,展厅共通场景补已查看/未查看两条实际问答与合作回应，修改日期只支持观察，保管员解释仍为候选，汇合不串未选知识。两张四列表并为双语两列，条件/表现/对白/路线目标行动回报全保留，后续路线是目标而非已完成。元数据与其他字段保持。
/video-recap/fix-ai-voiceover-that-speaks-too-fast,AI配音太快怎么办：分开检查朗读和合成提速,new,video-assemble,https://github.com/zenstory-ai/video-recap-skills/blob/e7eb0a82f13aab930f64a669e91ece78b82f65f5/skills/video-voiceover/scripts/voiceover.py | https://github.com/zenstory-ai/video-recap-skills/blob/e7eb0a82f13aab930f64a669e91ece78b82f65f5/skills/video-voiceover/scripts/lib.py | https://github.com/zenstory-ai/video-recap-skills/blob/e7eb0a82f13aab930f64a669e91ece78b82f65f5/skills/video-assemble/scripts/narration_audio.py | https://github.com/zenstory-ai/video-recap-skills/blob/e7eb0a82f13aab930f64a669e91ece78b82f65f5/skills/video-assemble/references/narration-adoption.md,听感过急而非单纯超窗、音高变调或机械语气；原始/整体/局部定位与实际采用速度策略。六秒教学例保留否定及未取钥匙画面，无实际音频生成或测听。
/oh-story/short-story-outline-template,短篇小说大纲模板：从情绪落点倒推每一节,revise,story-short-write,https://github.com/zenstory-ai/oh-story-claudecode/blob/4a50d5583590eb7f207037e35136c1168bc02201/skills/story-short-write/references/workflow-design.md | https://github.com/zenstory-ai/oh-story-claudecode/blob/4a50d5583590eb7f207037e35136c1168bc02201/skills/story-short-write/references/writing-workflow.md,保留盐袋大纲的原因果和日期线索，补实际对白推动核查的正文片段；盐不证明意外，救助不变成生理操作教程，互助安排经住户同意而非宣布完成。三列表改两列保全部原因与承接。
/oh-story/fix-ai-fiction-viewpoint-drift,AI写小说视角乱跳怎么办：人称与知情范围分别改,new,story-long-write,https://github.com/zenstory-ai/oh-story-claudecode/blob/4a50d5583590eb7f207037e35136c1168bc02201/skills/story-long-write/references/style-resolution.md | https://github.com/zenstory-ai/oh-story-claudecode/blob/4a50d5583590eb7f207037e35136c1168bc02201/skills/story-long-write/references/style-craft.md,已选叙述姿态后的局部漂移，区别选视角、整体文风和后文泄底；第一/第三人称与他人内心分查，保留封口信作者事实并暂扣未知，案例局部新增对白显式选定。
/drama-skills/control-suspense-with-audience-information,短剧悬念怎么拍：谁先知道，什么时候揭示,revise,short-drama-storyboard,https://github.com/zenstory-ai/drama-skills/blob/0afa4ea253cf4d1aa2d134863b15a592547cfb54/skills/short-drama/references/audience-reveal.md | https://github.com/zenstory-ai/drama-skills/blob/0afa4ea253cf4d1aa2d134863b15a592547cfb54/skills/short-drama-storyboard/references/blocking-playbooks.md,保留门外姐姐揭示设计，补四个可拍段落与实际角色回应；开门后以姐称呼建立身份，椅子让路只允许进门不等于和解，未展示姐姐已进入。三列表合两列保每条载体及边界。
/drama-skills/write-a-family-drama-short-series,家庭短剧怎么写：争吵之后，边界要真的改变,revise,short-drama-develop,https://github.com/zenstory-ai/drama-skills/blob/0afa4ea253cf4d1aa2d134863b15a592547cfb54/skills/short-drama-develop/references/genre-cards/家庭关系.md,保留分药家庭设定，补原人物的完整餐桌场面与下一集承接：姐保晚班、弟明确接一晚、母亲接受计划，答应与实际照护分开；无药名剂量或医疗操作。三列表合两列保争吵与行动结果对照。
/oh-story/write-a-dual-male-lead-novel,双男主长篇怎么写：外部目标与关系一起推进,new,story-long-write,https://github.com/zenstory-ai/oh-story-claudecode/blob/4a50d5583590eb7f207037e35136c1168bc02201/skills/story-long-write/references/genre-prose-cards/双男主.md | https://github.com/zenstory-ai/oh-story-claudecode/blob/4a50d5583590eb7f207037e35136c1168bc02201/skills/story-long-write/references/style-resolution.md,区别短篇潜台词四层信息与痕迹，讲长篇独立目标、外部任务及前中后关系承接；二十分钟戏团纠错实际更正/门口同事收到十分钟延期与待通知观众、排版分开，不把维护当全面信任或表白。
/novel-to-game/design-game-randomness,游戏随机性怎么设计：运气不能替玩家作决定,revise,game-world-design,https://github.com/zenstory-ai/novel-to-game/blob/ca29145983acead0fc4f7751b80ebc34c68a1200/skills/game-world-design/references/world-design-method.md | https://github.com/zenstory-ai/novel-to-game/blob/ca29145983acead0fc4f7751b80ebc34c68a1200/skills/game-world-design/references/numeric-design-method.md,原渡船随机风向例补弱风/强风完整燃料与时长演算、实际路线选择及拒绝反例；遮风到达仍迟到，不随机救场或偷改约定；四列表合两列保可见信息与两路线比较，明确紙面非运行。
/novel-to-game/design-a-relationship-system,游戏好感度怎么设计：让角色记得具体选择,revise,game-world-design,https://github.com/zenstory-ai/novel-to-game/blob/ca29145983acead0fc4f7751b80ebc34c68a1200/skills/game-world-design/references/narrative-design-method.md | https://github.com/zenstory-ai/novel-to-game/blob/ca29145983acead0fc4f7751b80ebc34c68a1200/skills/game-world-design/references/numeric-design-method.md,沿用岑青熟悉度与公开承诺设定，补守约/违约/无承诺三条完整对白与状态路径；两独立协作每项仅首次加1，不用重复送礼洗掉违约。征询得到私阅草图，不等于公开许可；数值条件与实际开工分开。
/oh-story/make-an-ai-book-cover-look-illustrated,AI小说封面像真人照片怎么办：先明确插画画法,new,story-cover,https://github.com/zenstory-ai/oh-story-claudecode/blob/4a50d5583590eb7f207037e35136c1168bc02201/skills/story-cover/SKILL.md | https://github.com/zenstory-ai/oh-story-claudecode/blob/4a50d5583590eb7f207037e35136c1168bc02201/skills/story-cover/references/cover-styles.md,作者已选插画而输出摄影感，区别题材不符/错字/小图可读；原生绘画媒介与三层简报，修伞人完整文本候选保身份与字、不冒充实际图或像素保持保证。
/drama-skills/fix-wrong-eyelines-in-ai-video,AI视频人物视线不对怎么办：先明确看谁、看哪里,new,short-drama-video-prompts,https://github.com/zenstory-ai/drama-skills/blob/0afa4ea253cf4d1aa2d134863b15a592547cfb54/skills/short-drama-video-prompts/references/motion-recipe.md | https://github.com/zenstory-ai/drama-skills/blob/0afa4ea253cf4d1aa2d134863b15a592547cfb54/skills/short-drama-storyboard/references/blocking-playbooks.md,人物注意目标错误而非僵硬表情或总体轴线；身体/头/目光与机位分查，柜台指圈六秒TTV全锚例触发后才看圈，保持纸与双手、未知含义，不冒充实际参考帧或推断剧情真相。
/drama-skills/match-ai-drama-visuals-to-the-era,AI短剧画面年代不对怎么办：从剧情事实定设备与陈设,revise,short-drama-assets,https://github.com/zenstory-ai/drama-skills/blob/0afa4ea253cf4d1aa2d134863b15a592547cfb54/skills/short-drama-assets/references/era-anchors.md | https://github.com/zenstory-ai/drama-skills/blob/0afa4ea253cf4d1aa2d134863b15a592547cfb54/skills/short-drama-image-prompts/references/edit-and-revision.md,原2024社区办公室例补完整有界改图说明，固定所选视图/时代设备且保居民旧茶缸；时代资产先改、图像执行再查，不把磨损扩散全屋，不改剧情或照搬模板到不同基底。三列表合两列保全部既定方向与修订项；补原生edit引用。
/drama-skills/body-swap-story,身体互换短剧怎么写：让身份限制改变完成任务的方法,revise,short-drama-develop,https://github.com/zenstory-ai/drama-skills/blob/0afa4ea253cf4d1aa2d134863b15a592547cfb54/skills/short-drama-develop/references/genre-cards/身份错位.md | https://github.com/zenstory-ai/drama-skills/blob/0afa4ea253cf4d1aa2d134863b15a592547cfb54/skills/short-drama-develop/SKILL.md | https://github.com/zenstory-ai/drama-skills/blob/0afa4ea253cf4d1aa2d134863b15a592547cfb54/skills/short-drama-write/SKILL.md,保留互换规则、围栏权限及开幕导览原例，补定位扣件—核验能力—有条件调岗—志愿交接的可表演候选；核验能力不当承认超自然互换或永久放权。
/drama-skills/adaptation-timeline-reordering,小说改短剧怎么调整时间线：重排顺序，别打断因果,revise,short-drama-develop,https://github.com/zenstory-ai/drama-skills/blob/0afa4ea253cf4d1aa2d134863b15a592547cfb54/skills/short-drama-develop/references/adaptation-craft.md | https://github.com/zenstory-ai/drama-skills/blob/0afa4ea253cf4d1aa2d134863b15a592547cfb54/skills/short-drama-write/SKILL.md,保留橙绳、编号牌、白天客观插段及披露提前候选，补暴雨后果—同色线索—客观白天—同停点回应—路线图交接的剧本片段；观众知情不传给周放，不把承认写成救援成功。
/drama-skills/episode-ending-hooks,短剧集尾钩子怎么写：本集有结果，下集有事做,revise,short-drama-develop,https://github.com/zenstory-ai/drama-skills/blob/0afa4ea253cf4d1aa2d134863b15a592547cfb54/skills/short-drama-develop/references/episode-design.md | https://github.com/zenstory-ai/drama-skills/blob/0afa4ea253cf4d1aa2d134863b15a592547cfb54/skills/short-drama-write/SKILL.md,保留纸雕修复与暂停入柜原卡点，三列承接表保全语义合两列，补同一争执的下集回应候选：共同改签、次日核对与实际入柜；保管人员不代决定署名，成果不代原谅。
/oh-story/stop-ai-fiction-characters-from-knowing-secrets-too-soon,AI写小说角色提前知道秘密怎么办：查清信息从哪里来,new,story-long-write,https://github.com/zenstory-ai/oh-story-claudecode/blob/4a50d5583590eb7f207037e35136c1168bc02201/skills/story-long-write/references/workflow-outline.md | https://github.com/zenstory-ai/oh-story-claudecode/blob/4a50d5583590eb7f207037e35136c1168bc02201/skills/story-long-write/references/tracking-transaction.md | https://github.com/zenstory-ai/oh-story-claudecode/blob/4a50d5583590eb7f207037e35136c1168bc02201/skills/story-long-write/references/workflow-revision.md | https://github.com/zenstory-ai/oh-story-claudecode/blob/4a50d5583590eb7f207037e35136c1168bc02201/skills/story-long-write/references/style-resolution.md,线性小说当前对白的信息来源返修，区别全书一致性只读取证、叙述视角越界、后续底牌提前揭示和互动游戏路线/事件信息权限。秦禾私密面试保留，唐遇只实际获知上午不接班及下午两小时；不编旧转发、读者知情不入角色嘴。
/oh-story/story-bible-template,小说人物设定集怎么整理：角色、时间线与知识边界模板,revise,story-long-write,https://github.com/zenstory-ai/oh-story-claudecode/blob/4a50d5583590eb7f207037e35136c1168bc02201/skills/story-long-write/references/tracking-transaction.md | https://github.com/zenstory-ai/oh-story-claudecode/blob/4a50d5583590eb7f207037e35136c1168bc02201/skills/story-long-write/references/workflow-revision.md | https://github.com/zenstory-ai/oh-story-claudecode/blob/4a50d5583590eb7f207037e35136c1168bc02201/skills/story-long-write/references/writing-craft.md,保留水站钥匙交接例，补实际持物变化及完整截至第13章人工状态卡；地点、资源、取样权限、破裂关系、误信和未结事项不因交钥匙清空。两三列表保全部格语义合两列，非直接写派生状态。
/oh-story/novel-titles,网文书名怎么起：从卖点生成可兑现的标题,revise,story-long-write,https://github.com/zenstory-ai/oh-story-claudecode/blob/4a50d5583590eb7f207037e35136c1168bc02201/skills/story-long-write/references/genre-readers.md | https://github.com/zenstory-ai/oh-story-claudecode/blob/4a50d5583590eb7f207037e35136c1168bc02201/skills/story-long-write/references/writing-craft.md,保留城市树医原候选，明确全城接手、地下城和怕树均需正文支持而非现有事实；补选定能力书名、简介与开篇同一承诺的完整原创候选，不声称点击测试。三列命名表保语义合两列。
/drama-skills/prop-reference-image,AI 视频道具不一致怎么办：参考图模板与示例,revision,short-drama-image-prompts,https://github.com/zenstory-ai/drama-skills/blob/0afa4ea253cf4d1aa2d134863b15a592547cfb54/skills/short-drama-image-prompts/references/prop-plate.md | https://github.com/zenstory-ai/drama-skills/blob/0afa4ea253cf4d1aa2d134863b15a592547cfb54/skills/short-drama-assets/references/prop-and-state.md | https://github.com/zenstory-ai/drama-skills/blob/0afa4ea253cf4d1aa2d134863b15a592547cfb54/skills/short-drama-image-prompts/references/common-recipe.md,保留录音机原身份/空仓A与开仓装带B；补两份完整参考提示词，明确物件左右、被遮底面另图、实际参考用途与编号未定；制作背景视角是教学选择，非已生图。
/drama-skills/evidence-reveal-storyboard,短剧证据镜头怎么拍：让观众看清，也看见后果,revision,short-drama-storyboard,https://github.com/zenstory-ai/drama-skills/blob/0afa4ea253cf4d1aa2d134863b15a592547cfb54/skills/short-drama-storyboard/SKILL.md | https://github.com/zenstory-ai/drama-skills/blob/0afa4ea253cf4d1aa2d134863b15a592547cfb54/skills/short-drama-storyboard/references/blocking-playbooks.md | https://github.com/zenstory-ai/drama-skills/blob/0afa4ea253cf4d1aa2d134863b15a592547cfb54/skills/short-drama-storyboard/references/shot-craft.md,保原排练室四镜；补持有连续/同日两时段/排字/实际响应完整分镜简报，新增日期明说教学选择；修摘要残留药房温度案例，不改题名SEO发布日期。
/drama-skills/scene-sound-and-silence,短剧声音怎么设计：原声、环境声、配乐与留白,revision,short-drama-write,https://github.com/zenstory-ai/drama-skills/blob/0afa4ea253cf4d1aa2d134863b15a592547cfb54/skills/short-drama-write/references/scene-sound-dramaturgy.md | https://github.com/zenstory-ai/drama-skills/blob/0afa4ea253cf4d1aa2d134863b15a592547cfb54/skills/short-drama-video-prompts/references/camera-audio-continuity.md | https://github.com/zenstory-ai/drama-skills/blob/0afa4ea253cf4d1aa2d134863b15a592547cfb54/skills/short-drama-edit/references/sound-and-subtitles.md,保留洗衣店原场；补摘要承诺的五镜声音交接表与实际试听顺序，暂停停稳/钥匙取出/关门重启因果连续，不编声源参数或后场归还。
/oh-story/rules-horror,规则怪谈怎么写：规则开始冲突才可怕,revision,story-long-write,https://github.com/zenstory-ai/oh-story-claudecode/blob/4a50d5583590eb7f207037e35136c1168bc02201/skills/story-long-write/references/long-genre-catalog.md | https://github.com/zenstory-ai/oh-story-claudecode/blob/4a50d5583590eb7f207037e35136c1168bc02201/skills/story-long-write/references/genre-prose-cards/悬疑灵异.md | https://github.com/zenstory-ai/oh-story-claudecode/blob/4a50d5583590eb7f207037e35136c1168bc02201/skills/story-long-write/references/writing-craft.md | https://github.com/zenstory-ai/oh-story-claudecode/blob/4a50d5583590eb7f207037e35136c1168bc02201/skills/story-long-write/references/style-resolution.md,保车库规则/32对31/空栏B-17与天亮回报，补第一人称完整核对—巡查—回亭正文；照明范围提前明说教学选择，不临时豁免；异常不独自证明多车或老贺死亡，三列表保全合两列。
/oh-story/palace-intrigue,宫斗文怎么写：规矩、证据与裁决怎样形成回合,revision,story-long-write,https://github.com/zenstory-ai/oh-story-claudecode/blob/4a50d5583590eb7f207037e35136c1168bc02201/skills/story-long-write/references/genre-prose-cards/宫斗宅斗.md | https://github.com/zenstory-ai/oh-story-claudecode/blob/4a50d5583590eb7f207037e35136c1168bc02201/skills/story-long-write/references/style-resolution.md | https://github.com/zenstory-ai/oh-story-claudecode/blob/4a50d5583590eb7f207037e35136c1168bc02201/skills/story-long-write/references/writing-craft.md,保原冬衣封签/旧纹/证人猜测/总管授权与库吏收钥匙，补完整对话与实际响应；女主只参与本批复核，不自取钥匙调人，不把疑点定罪。
/oh-story/rebirth-revenge,重生复仇文怎么写：切开前世信息，保留新的阻力,revision,story-long-write,https://github.com/zenstory-ai/oh-story-claudecode/blob/4a50d5583590eb7f207037e35136c1168bc02201/skills/story-long-write/references/long-genre-catalog.md | https://github.com/zenstory-ai/oh-story-claudecode/blob/4a50d5583590eb7f207037e35136c1168bc02201/skills/story-long-write/references/writing-craft.md | https://github.com/zenstory-ai/oh-story-claudecode/blob/4a50d5583590eb7f207037e35136c1168bc02201/skills/story-long-write/references/style-resolution.md,保陶厂前世结果有限记忆/今生封样复检/新签批分批偏离；补完整拒签及实际接收场景，后续检测清算不提前；纠正获利者自动等于幕后策划，记忆三列表保全合两列。
/oh-story/stop-ai-fiction-from-adding-a-crisis-after-every-success,AI写小说总加新危机怎么办：让成功真正落地,new,story-long-write,https://github.com/zenstory-ai/oh-story-claudecode/blob/4a50d5583590eb7f207037e35136c1168bc02201/skills/story-long-write/references/reader-contract-and-progression.md | https://github.com/zenstory-ai/oh-story-claudecode/blob/4a50d5583590eb7f207037e35136c1168bc02201/skills/story-long-write/references/style-resolution.md | https://github.com/zenstory-ai/oh-story-claudecode/blob/4a50d5583590eb7f207037e35136c1168bc02201/skills/story-long-write/references/writing-craft.md,独立处理AI在成功后临时加危机、夺走作者本轮既定收益的局部依赖返修；区别整段节奏、泛润色改剧情与无用新人物。原生允许低压收益不强制代价，原创窗帘验收/20元/收走不抹工时或后两单。
/oh-story/tropes-without-copying,网文套路怎么用不雷同：提取功能，再重新设计,revision,story-long-write,https://github.com/zenstory-ai/oh-story-claudecode/blob/4a50d5583590eb7f207037e35136c1168bc02201/skills/story-long-analyze/references/stage3-plot-rhythm.md | https://github.com/zenstory-ai/oh-story-claudecode/blob/4a50d5583590eb7f207037e35136c1168bc02201/skills/story-long-write/references/writing-craft.md | https://github.com/zenstory-ai/oh-story-claudecode/blob/4a50d5583590eb7f207037e35136c1168bc02201/skills/story-long-write/references/style-resolution.md,保原渡口重复编号同付款/持票与原记录确认/有限参与及后续藏账，补完整验证与实际新版通知；修段落标题残留海岛供水为渡口复核，不改页SEO/H1。
/oh-story/face-slapping-scene,打脸剧情怎么写：让反应真正改变局面,revision,story-long-write,https://github.com/zenstory-ai/oh-story-claudecode/blob/4a50d5583590eb7f207037e35136c1168bc02201/skills/story-long-write/references/style-combat-face.md | https://github.com/zenstory-ai/oh-story-claudecode/blob/4a50d5583590eb7f207037e35136c1168bc02201/skills/story-long-write/references/style-resolution.md | https://github.com/zenstory-ai/oh-story-claudecode/blob/4a50d5583590eb7f207037e35136c1168bc02201/skills/story-long-write/references/writing-craft.md,保三十八秒/三句指定对白/制片检查采用及署名/后续分工，补完整核对—文件采用—项目署名—任务交接；剧情纸面例不宣称实际媒体测试，反应三列表全格保留合两列。
/oh-story/write-a-sports-fiction-novel,体育竞技小说怎么写：比赛、训练与队伍变化,revision,story-long-write,https://github.com/zenstory-ai/oh-story-claudecode/blob/4a50d5583590eb7f207037e35136c1168bc02201/skills/story-long-write/references/genre-prose-cards/游戏体育.md | https://github.com/zenstory-ai/oh-story-claudecode/blob/4a50d5583590eb7f207037e35136c1168bc02201/skills/story-long-write/references/writing-craft.md | https://github.com/zenstory-ai/oh-story-claudecode/blob/4a50d5583590eb7f207037e35136c1168bc02201/skills/story-long-write/references/style-resolution.md,保原林峤/周越落后一球、旧路线被堵、移动吸引/远侧接应；补明确教学训练与完整比赛，从0:1扳1:1仍未赢，回应不同职责并有对手补防；两张三列表全格合两列，不宣称实际体育处方。
/oh-story/plan-a-novel-series,长篇系列怎么规划：每一卷有回报，也有新问题,revision,story-long-write,https://github.com/zenstory-ai/oh-story-claudecode/blob/4a50d5583590eb7f207037e35136c1168bc02201/skills/story-long-write/references/outline-methods.md | https://github.com/zenstory-ai/oh-story-claudecode/blob/4a50d5583590eb7f207037e35136c1168bc02201/skills/story-long-write/references/workflow-volume.md | https://github.com/zenstory-ai/oh-story-claudecode/blob/4a50d5583590eb7f207037e35136c1168bc02201/skills/story-long-write/references/writing-craft.md | https://github.com/zenstory-ai/oh-story-claudecode/blob/4a50d5583590eb7f207037e35136c1168bc02201/skills/story-long-write/references/style-resolution.md,保修钟三卷未来计划，补第一卷末复核—验收—资格登记—任务领取完整候选与状态表；机械已修独立输入待查，夜值守未发生，姐姐/居民/撤离仍未来，不虚构真实报警流程。
/oh-story/write-a-novel-prologue,小说序章怎么写：先判断是否真的需要,revision,story-long-write,https://github.com/zenstory-ai/oh-story-claudecode/blob/4a50d5583590eb7f207037e35136c1168bc02201/skills/story-long-write/references/opening-design.md | https://github.com/zenstory-ai/oh-story-claudecode/blob/4a50d5583590eb7f207037e35136c1168bc02201/skills/story-long-write/references/long-chapter-quality.md | https://github.com/zenstory-ai/oh-story-claudecode/blob/4a50d5583590eb7f207037e35136c1168bc02201/skills/story-long-write/references/writing-craft.md | https://github.com/zenstory-ai/oh-story-claudecode/blob/4a50d5583590eb7f207037e35136c1168bc02201/skills/story-long-write/references/style-resolution.md,保父亲留已签票/可信人接收/多年后无人船返回，补保留序章版本的留票与第一章认印核对完整连读；虚构目的地明说新增选择，不给夏遥自动传递序章知情，不由认印证实生死，三列表全格合两列。
/video-recap/choose-when-to-reveal-a-twist-in-a-video-recap,影视解说怎么避免提前剧透：让揭晓服务本条主线,new,video-script,https://github.com/zenstory-ai/video-recap-skills/blob/e7eb0a82f13aab930f64a669e91ece78b82f65f5/skills/video-script/references/creative-editing-playbook.md,专门解决解说结论提前揭晓的顺序决策，双结构同一原创照片短片完整开头/证据/收束，不重复通用写稿或包装；用video-script观众问题与隐藏揭示方法，不声称实时热门数据或已剪成片。
/novel-to-game/design-skippable-game-cutscenes,游戏过场动画怎么设计：跳过后也能接着玩,revision,game-build,https://github.com/zenstory-ai/novel-to-game/blob/ca29145983acead0fc4f7751b80ebc34c68a1200/skills/game-build/references/generative-media-pipeline.md | https://github.com/zenstory-ai/novel-to-game/blob/ca29145983acead0fc4f7751b80ebc34c68a1200/skills/game-build/references/playable-model-contract.md,保灯塔修复/控制室/远船回应原例，补同一修复后初态观看、跳过、可降级失败全文；回应是独立共同规则节点未到不提前开放，发送尚未执行、无重复奖励，不把播放回调当规则器。
/video-recap/recap-script,影视解说文案怎么写：先定观众问题，再分配画面与旁白,revision,video-recap,https://github.com/zenstory-ai/video-recap-skills/blob/e7eb0a82f13aab930f64a669e91ece78b82f65f5/skills/video-script/references/creative-editing-playbook.md,保社区免费缝补课姐姐/弟弟原例，修原录像/后段录音混用，补完整旁白—原声连续听稿候选，当前收费/承认/入口关闭/核退款边界相同；三列表全部语义合两列，未做实际媒体或填假秒数。
/oh-story/fix-question-and-answer-dialogue-in-fiction,AI写小说对白像问答怎么办：主动说，也真正回应,new,story-long-write,https://github.com/zenstory-ai/oh-story-claudecode/blob/4a50d5583590eb7f207037e35136c1168bc02201/skills/story-long-write/references/dialogue-mastery.md | https://github.com/zenstory-ai/oh-story-claudecode/blob/4a50d5583590eb7f207037e35136c1168bc02201/skills/story-long-write/references/writing-craft.md | https://github.com/zenstory-ai/oh-story-claudecode/blob/4a50d5583590eb7f207037e35136c1168bc02201/skills/story-long-write/references/style-resolution.md,针对机械轮流问答而非重复台词数量/说话标签/声线区分，来源明确问答式修法；完整展板借用候选双方主动与回应，既定同意/实际交接、归还未来，权限是明示虚构教学，不把问句判禁用或强制争吵。
/oh-story/mystery-novel,悬疑小说怎么写：用线索账本检查公平揭示,revision,story-long-write,https://github.com/zenstory-ai/oh-story-claudecode/blob/4a50d5583590eb7f207037e35136c1168bc02201/skills/story-long-write/references/long-reversal.md | https://github.com/zenstory-ai/oh-story-claudecode/blob/4a50d5583590eb7f207037e35136c1168bc02201/skills/story-long-write/references/style-resolution.md | https://github.com/zenstory-ai/oh-story-claudecode/blob/4a50d5583590eb7f207037e35136c1168bc02201/skills/story-long-write/references/writing-craft.md,保两层箱签/衬纸/唯一画架/离场照片与楼下去向原例全文，补限知完整查证场景，先自行找箱对断边开箱见画、后亲历者解释本次贴签；另明示候选接收记录实际更正，无末尾新证据或自动犯罪定性，画仍箱内/画架楼上。
/oh-story/write-a-slow-burn-romance,慢热恋爱怎么写不拖：让每次靠近都改变关系,revision,story-long-write,https://github.com/zenstory-ai/oh-story-claudecode/blob/4a50d5583590eb7f207037e35136c1168bc02201/skills/story-long-write/references/character-relations.md | https://github.com/zenstory-ai/oh-story-claudecode/blob/4a50d5583590eb7f207037e35136c1168bc02201/skills/story-long-write/references/writing-craft.md | https://github.com/zenstory-ai/oh-story-claudecode/blob/4a50d5583590eb7f207037e35136c1168bc02201/skills/story-long-write/references/emotional-methods.md | https://github.com/zenstory-ai/oh-story-claudecode/blob/4a50d5583590eb7f207037e35136c1168bc02201/skills/story-long-write/references/style-resolution.md,保乔岚/搭档照顾母亲/周四拒绝周五调动手续共同周六待批原例全文，补同一小进展限知正文：承认旧单方拟班/交回选择/对方主动问安排/共同写候选放草案夹，非实际排班或提交执行、非恋爱同意；调动已知、日期与联系待谈，不重置关系。
/drama-skills/stop-unwanted-voiceover-and-dialogue-in-ai-video,AI视频乱加旁白或台词怎么办：把允许的发声写完整,new,short-drama-video-prompts,https://github.com/zenstory-ai/drama-skills/blob/0afa4ea253cf4d1aa2d134863b15a592547cfb54/skills/short-drama-video-prompts/references/motion-recipe.md | https://github.com/zenstory-ai/drama-skills/blob/0afa4ea253cf4d1aa2d134863b15a592547cfb54/skills/short-drama-video-prompts/references/camera-audio-continuity.md | https://github.com/zenstory-ai/drama-skills/blob/0afa4ea253cf4d1aa2d134863b15a592547cfb54/skills/short-drama-edit/references/sound-and-subtitles.md,解决同轨生成新增旁白/语气词/额外台词而非语种或口型；两份完整原创打印店样册交接声音指令，保既定普通话原句/风扇/纸声和独立已采用无对白版本；先定位源/后期，多余同轨声音不全静音抹掉正确信息，不许诺模型成功。
/drama-skills/local-image-edit-prompts,AI图片局部修改提示词怎么写：写清改哪里、留下什么,source-layout,short-drama-image-prompts,https://github.com/zenstory-ai/drama-skills/blob/0afa4ea253cf4d1aa2d134863b15a592547cfb54/skills/short-drama-image-prompts/references/edit-and-revision.md,390px实测表格超出350px可读区；仅compare缩短英文表头或合并为两列，逐格原文与全部职责/条件/声音/作用保留，原例、正文、事实、来源、标题/SEO/发布日期均保留；计排版修正，不计新增或实质内容扩写。
/drama-skills/ai-video-location-consistency,AI视频场景不一致怎么办：固定布局，再换机位,source-layout,short-drama-image-prompts,https://github.com/zenstory-ai/drama-skills/blob/0afa4ea253cf4d1aa2d134863b15a592547cfb54/skills/short-drama-image-prompts/references/location-plate.md | https://github.com/zenstory-ai/drama-skills/blob/0afa4ea253cf4d1aa2d134863b15a592547cfb54/skills/short-drama-assets/references/location-and-view.md,390px实测表格超出350px可读区；仅layout-view-state缩短英文表头或合并为两列，逐格原文与全部职责/条件/声音/作用保留，原例、正文、事实、来源、标题/SEO/发布日期均保留；计排版修正，不计新增或实质内容扩写。
/drama-skills/cut-away-during-continuous-dialogue,短剧对白中途怎么切画面：保留一句完整声音,source-layout,short-drama-edit,https://github.com/zenstory-ai/drama-skills/blob/0afa4ea253cf4d1aa2d134863b15a592547cfb54/skills/short-drama-edit/references/cut-craft.md | https://github.com/zenstory-ai/drama-skills/blob/0afa4ea253cf4d1aa2d134863b15a592547cfb54/skills/short-drama-edit/references/sound-and-subtitles.md,390px实测表格超出350px可读区；仅separate-intervals缩短英文表头或合并为两列，逐格原文与全部职责/条件/声音/作用保留，原例、正文、事实、来源、标题/SEO/发布日期均保留；计排版修正，不计新增或实质内容扩写。
/drama-skills/storyboard-a-single-room-short-drama,单场景短剧分镜怎么做：用策略改变画面,source-layout,short-drama-storyboard,https://github.com/zenstory-ai/drama-skills/blob/0afa4ea253cf4d1aa2d134863b15a592547cfb54/skills/short-drama-storyboard/references/blocking-playbooks.md,390px实测表格超出350px可读区；仅strategy-blocking缩短英文表头或合并为两列，逐格原文与全部职责/条件/声音/作用保留，原例、正文、事实、来源、标题/SEO/发布日期均保留；计排版修正，不计新增或实质内容扩写。
/video-recap/add-a-brand-frame-to-video,视频边框和Logo怎么加：先锁音画，再检查遮挡,source-layout,video-assemble,https://github.com/zenstory-ai/video-recap-skills/blob/e7eb0a82f13aab930f64a669e91ece78b82f65f5/skills/video-assemble/references/packaging.md | https://github.com/zenstory-ai/video-recap-skills/blob/e7eb0a82f13aab930f64a669e91ece78b82f65f5/skills/video-assemble/references/foreground-compose.md,390px实测表格超出350px可读区；仅layout-example缩短英文表头或合并为两列，逐格原文与全部职责/条件/声音/作用保留，原例、正文、事实、来源、标题/SEO/发布日期均保留；计排版修正，不计新增或实质内容扩写。
/video-recap/replace-a-black-video-tail-with-an-endcard,视频片尾黑屏怎么处理：最后一镜与片尾卡分开检查,source-layout,video-assemble,https://github.com/zenstory-ai/video-recap-skills/blob/e7eb0a82f13aab930f64a669e91ece78b82f65f5/skills/video-assemble/references/foreground-compose.md | https://github.com/zenstory-ai/video-recap-skills/blob/e7eb0a82f13aab930f64a669e91ece78b82f65f5/skills/video-assemble/references/packaging.md,390px实测表格超出350px可读区；仅range-example缩短英文表头或合并为两列，逐格原文与全部职责/条件/声音/作用保留，原例、正文、事实、来源、标题/SEO/发布日期均保留；计排版修正，不计新增或实质内容扩写。
